1 
0.00314575 0.006693747052500001 112122221121111111000000000001111000001103
0.003305203333333333 0.006621710462066667 112022221121111111000000000001111000001103
0.0030674033333333334 0.006906319953066667 112222221121111111000000000001111000001103
0.00343549 0.0065853877163 112022221120000000000000000001111000001103
0.0030343466666666666 0.0071832392074666655 112322221121111111000000000001111000001103
0.00302685 0.0073438342755 112322221131111111000000000001111000001103
0.0030238333333333332 0.007420456761666667 112222221121111111000000000001111110001103
0.0030205666666666665 0.007562351118 112222221131111111000000000001111110001103
0.002986093333333333 0.007700238878666666 112322221121111111000000000001111110001103
0.0029275133333333332 0.007782882022066666 112322221121111111000000001112211000001103
0.00288899 0.0079712145383 112322221131111111000000001112211000001103
0.0028511233333333333 0.008305350781233333 112322221121111111000000001112211110001103
0.00284963 0.008318297940400001 112322221121111111000000001113311110001103
0.0028197533333333335 0.008474148297600001 112322221131111111000000001112211110001103
0.00281407 0.008996638071400002 112322221131111111000000001113311111101103
0.0027962766666666666 0.0090516314583 113333331131111111000000001112211000001103
0.0027307633333333334 0.009614280390566667 113333331131111111000000001112211110001103
0.0027933333333333334 0.0095702952 113333331131111111000000001112211001101103
0.00271767 0.010132723888200001 113333331131111111000000001112211111101103
0.0026394033333333334 0.011154725549433335 113333331131111111000000001113311112211103
0.002595866666666667 0.013436750998666668 113333331131111111000000001112211222211103
0.00258888 0.013447807716 113333331131111111000000001113311222211103
