1 
0.003359213333333334 0.010751800523866668 112022221130000000000000001113311000001103
0.003949643333333333 0.010588954280233332 112022221120000000000000001112211000001103
0.003319963333333333 0.011448627957933333 112222221131111111000000001113311000001103
0.003312953333333333 0.0115743988016 112222221131111111000000001112211000001103
0.005196376666666666 0.0099896703953 001211110030000000000000000001111000001103
0.00526591 0.009965524038600002 001211110010000000000000000001111000001103
0.00545214 0.0098510901162 001111110010000000000000000001111000001103
0.005540006666666666 0.009798111190733334 001011110030000000000000000001111000001103
0.005150003333333333 0.010383282220566666 001211110031111111000000000001111000001103
0.0030227233333333333 0.014131201356100001 113233331131111111000000001113311000001103
0.00331023 0.014092244951399999 113233331131111111000000001112211000001103
0.0029386133333333332 0.014921925873066667 113333331131111111000000001113311000001103
0.00288095 0.0164719180535 113333331131111111000000001113311001101103
0.0029125 0.01646220725 113333331131111111111111111113311000001103
0.002880876666666667 0.01803451840346667 113333331131111111111111111113311001101103
