[1, 0, 1, 1, 0, 0, 0, 0, 0, 0, 1, 0, 1, 1, 1, 0, 0, 0, 1, 0, 1, 1, 1, 1, 0, 0, 1, 1, 1, 0, 0, 0, 0, 1, 1, 0, 0, 0, 1, 1, 1] 
schedule_mode = EER 
origin_core_space_size #= 31 
selected_core_space_size #= 15 
aimFunc #= 100 
time_obj_func #= 609.0 
schedule_result_database #= 100 
last_mean #= [0.184069695022145, 0.1849142596155362, 0.18491442323264595, 0.1849143337123996, 0.18491538162994778, 0.1849160838063563, 0.18490517209369797, 0.18491655406065877, 0.18491876236529323, 0.18498869715595156, 0.1850173371666478, 0.185041615891757, 0.18505545953891112, 0.1850564905361572, 0.18508903248030706, 0.18510342003297814, 0.1850956907204994, 0.18511242257648508, 0.1851478449607438, 0.18513440772208908, 0.18515120359422163, 0.1851147335294578, 0.1851586706782506, 0.18516307253302217, 0.20308692391372898, 0.18515919278034243, 0.18518183828754137, 0.29040442771476127, 0.334819418521576, 0.23297029608862693, 0.20503534398121953, 0.3486119052918248, 0.35386157249941524, 0.3576049437609881, 0.3556094042236168, 0.18517376502362645, 0.19455170802009, 0.3573092512541048, 0.35706665393272496, 0.35706072687665497, 0.35727816250330624, 0.3572395498986188, 0.3571616429051893, 0.23786039616380117, 0.3572629880821794, 0.3573045849118961, 0.35723635772455203, 0.3572197671377742, 0.18996017392528963, 0.357296101242586, 0.3572545652160622, 0.24032031816298605, 0.3572827243860943, 0.35726259366831215, 0.35725505628939613, 0.3572328494887265, 0.357234311352123, 0.3572026205038458, 0.18518562452832366, 0.18518598654892376, 0.21251295177027846, 0.3572564543246825, 0.2025055231035399, 0.3572951008971573, 0.35728451725227717, 0.3572996414716142, 0.35729957811934276, 0.3572826123285926, 0.3572638671858855, 0.3573088431764594, 0.35734175325661477, 0.35730889081944134, 0.24077849630944123, 0.3573306312874247, 0.35730381926799576, 0.357341188653214, 0.3573490730131521, 0.35734223320202496, 0.3573577821092329, 0.18519150241455581, 0.35735330376602015] 
last_ucb #= [0.0018476650984008101, 6.041189083464992e-08, 8.311393834153002e-08, 8.022680909310323e-08, 7.85689170120135e-08, 1.47851807500169e-07, 7.924643484792622e-07, 1.1333516076656535e-07, 1.3772100824267607e-06, 7.09612745726833e-06, 8.415510498844479e-06, 7.426737286306678e-06, 9.806957417636002e-06, 8.024966553815527e-06, 7.029018375001154e-06, 6.271913481445853e-06, 9.616253384787387e-06, 6.15607311283462e-06, 6.275862094849114e-06, 7.493229360124739e-06, 8.7194264989171e-06, 7.668424718927925e-06, 6.854756213411606e-06, 6.829857807523054e-06, 0.002307975117063253, 6.062526052359314e-06, 6.489964365660959e-06, 0.0078139287614952, 0.006077360526967374, 0.0016572267644404436, 0.004024862916792145, 0.003914994648300895, 0.002265257403631879, 0.0003029064901194342, 0.0016352525747272675, 9.234293306280505e-06, 0.0024354493223250847, 1.9813945266770445e-05, 1.52053277373502e-05, 1.1409414903818615e-05, 2.145785673716922e-05, 1.9384034463335885e-05, 1.3771104216529943e-05, 0.0012156245636689331, 2.1149051328182607e-05, 1.629098310289247e-05, 1.1994336289763076e-05, 1.0884387030180553e-05, 0.001288765286938268, 2.3152129500457617e-05, 2.063414424611736e-05, 0.0007779746368804128, 1.1788500525017301e-05, 1.1314653614333588e-05, 9.86719705903388e-06, 9.366033647256688e-06, 8.588555701386189e-06, 7.426369591875122e-06, 7.222994958119696e-06, 7.014699907455393e-06, 0.006192440916652247, 8.93376809499377e-06, 0.0016614919748670616, 8.700729870389776e-06, 8.247915586582085e-06, 9.00439462298491e-06, 8.950470584473011e-06, 8.430004953815807e-06, 7.98949622415616e-06, 8.776099221725974e-06, 7.995104167025951e-06, 8.620894504286242e-06, 0.0004300319906665339, 7.658368692135558e-06, 7.233116272988943e-06, 1.8589043973933562e-05, 1.800403713133673e-05, 7.68965442051107e-06, 7.660909964706345e-06, 8.830638669533873e-06, 9.070174320896291e-06] 
X_all_go #= [] 
core_space #= 15 
[[2 0 0 3 2 2 1 0 1 3 0]
 [3 0 0 0 0 1 1 1 1 3 4]
 [3 0 0 0 2 0 0 1 3 3 0]
 [3 0 0 1 0 0 1 1 3 0 1]
 [3 0 0 1 0 1 1 1 0 2 5]
 [3 0 0 1 0 2 0 1 1 3 6]
 [3 0 0 1 1 0 0 1 2 1 0]
 [3 0 0 1 1 0 1 0 0 3 4]
 [3 0 0 1 1 1 1 1 1 1 1]
 [3 0 0 2 0 0 0 0 2 2 6]
 [3 0 0 2 2 0 0 1 3 2 4]
 [3 0 0 3 2 1 0 0 1 3 3]
 [3 0 0 3 2 1 0 0 3 1 2]
 [3 0 0 3 2 2 1 0 0 0 2]
 [3 0 0 3 2 2 1 1 0 3 2]] 
time_used = 878.0 
time_used_map[register] = 0 
time_used_map[single_core_model] = 0 
time_used_map[selection] = 0:01:42 
time_used_map[prepare] = 0:01:42 
time_used_map[flow_all] = 0:18:53 
hmp_configs # = 100 
hmp_configs = 
[0, 0, 0, 0, 1, 2, 0, 0, 0, 0, 0, 0, 0, 1, 0, 1, 0, 0, 1, 1, 7] 0.31297014067923035 0.8015533204903897 
[0, 0, 0, 0, 2, 1, 0, 0, 0, 0, 0, 0, 0, 0, 1, 0, 0, 1, 0, 0, 7] 0.30415606127452216 0.7799769516240058 
[0, 0, 0, 0, 2, 0, 0, 1, 0, 0, 0, 0, 1, 0, 0, 1, 0, 0, 1, 1, 7] 0.600476678606104 0.9364659736499561 
[0, 0, 0, 0, 1, 0, 0, 0, 1, 0, 0, 0, 2, 0, 0, 1, 1, 0, 0, 2, 7] 0.5910602573739384 0.9368777247368871 
[0, 0, 0, 0, 0, 0, 0, 0, 0, 1, 0, 0, 0, 2, 1, 1, 0, 0, 1, 0, 2] 0.3208992457027013 1.142870678020387 
[0, 1, 0, 0, 0, 0, 0, 2, 0, 0, 0, 0, 0, 0, 1, 1, 0, 0, 2, 2, 8] 0.27260097671973527 0.6588433048818264 
[0, 0, 1, 0, 0, 0, 0, 1, 0, 0, 0, 0, 0, 0, 2, 0, 1, 1, 1, 2, 8] 0.21539166372110788 0.9197615403991788 
[0, 0, 0, 1, 0, 0, 0, 0, 2, 1, 0, 0, 0, 0, 0, 0, 1, 1, 1, 2, 8] 0.5850295954465805 0.9807477171310026 
[0, 0, 0, 0, 0, 0, 1, 0, 0, 0, 0, 0, 1, 2, 0, 1, 0, 0, 2, 1, 2] 0.3208992457027013 1.1436340946423496 
[0, 2, 0, 0, 0, 0, 0, 1, 0, 0, 1, 0, 0, 0, 0, 1, 0, 1, 0, 1, 8] 0.22498404794374857 0.7275186919748518 
[0, 0, 0, 2, 0, 0, 0, 0, 0, 1, 0, 1, 0, 0, 0, 1, 1, 0, 1, 1, 8] 0.5440697309719427 1.2329086554461595 
[1, 0, 0, 0, 0, 0, 2, 0, 0, 0, 0, 0, 0, 0, 1, 0, 0, 0, 1, 2, 8] 0.24121289412628524 0.9269558686093288 
[0, 0, 0, 0, 1, 2, 0, 0, 0, 0, 0, 0, 0, 1, 0, 1, 0, 0, 0, 2, 2] 0.227463828292232 0.8129460395316858 
[0, 0, 0, 0, 1, 2, 0, 0, 0, 0, 0, 0, 0, 1, 0, 1, 0, 0, 0, 2, 3] 0.227463828292232 0.8129460395316858 
[0, 0, 0, 0, 1, 2, 0, 0, 0, 0, 0, 0, 0, 1, 0, 1, 0, 0, 0, 2, 5] 0.227463828292232 0.8129460395316858 
[0, 0, 0, 0, 1, 2, 0, 0, 0, 0, 0, 0, 0, 1, 0, 1, 0, 0, 0, 2, 7] 0.2944914359820009 0.7661490353029493 
[0, 0, 0, 0, 1, 2, 0, 0, 0, 0, 0, 0, 0, 1, 0, 1, 0, 0, 0, 2, 8] 0.23430885337364488 0.792427269408174 
[0, 0, 0, 0, 1, 2, 0, 0, 0, 0, 0, 0, 0, 1, 0, 1, 0, 0, 0, 1, 2] 0.227463828292232 0.8129323448712519 
[0, 0, 0, 0, 1, 2, 0, 0, 0, 0, 0, 0, 0, 1, 0, 1, 0, 0, 0, 1, 3] 0.227463828292232 0.8129323448712519 
[0, 0, 0, 0, 1, 2, 0, 0, 0, 0, 0, 0, 0, 1, 0, 1, 0, 0, 0, 1, 5] 0.227463828292232 0.8129323448712519 
[0, 1, 0, 0, 0, 0, 0, 2, 0, 0, 0, 0, 0, 1, 0, 1, 1, 1, 2, 2, 8] 0.5176633501947392 0.8360771139359334 
[0, 0, 0, 0, 1, 2, 0, 0, 0, 0, 0, 0, 0, 1, 0, 1, 0, 1, 0, 1, 3] 0.227463828292232 0.812967280206613 
[0, 0, 0, 0, 1, 2, 0, 0, 0, 0, 0, 0, 0, 1, 0, 1, 0, 0, 2, 0, 5] 0.227463828292232 0.8129513594237616 
[0, 0, 0, 0, 1, 2, 0, 0, 0, 0, 0, 0, 0, 1, 0, 1, 0, 1, 0, 1, 2] 0.227463828292232 0.812967280206613 
[0, 0, 0, 0, 1, 2, 0, 0, 0, 0, 0, 0, 0, 1, 0, 1, 0, 0, 2, 1, 5] 0.227463828292232 0.8129691594209354 
[0, 0, 0, 0, 1, 2, 0, 0, 0, 0, 0, 0, 0, 1, 0, 1, 1, 0, 1, 0, 3] 0.227463828292232 0.8127478933154992 
[0, 0, 0, 0, 1, 2, 0, 0, 0, 0, 0, 0, 0, 1, 0, 0, 0, 1, 1, 2, 3] 0.227463828292232 0.8150915846230142 
[0, 0, 0, 0, 1, 2, 0, 0, 0, 0, 0, 0, 0, 1, 0, 0, 0, 1, 1, 0, 5] 0.227463828292232 0.8149523192915724 
[0, 0, 0, 0, 1, 2, 0, 0, 0, 0, 0, 0, 0, 1, 0, 0, 0, 1, 1, 2, 2] 0.227463828292232 0.8150915846230142 
[0, 0, 0, 0, 1, 2, 0, 0, 0, 0, 0, 0, 0, 1, 0, 0, 0, 1, 0, 0, 3] 0.227463828292232 0.8147963825908038 
[0, 0, 0, 0, 1, 2, 0, 0, 0, 0, 0, 0, 0, 1, 0, 0, 0, 0, 0, 2, 5] 0.227463828292232 0.8147840880394787 
[0, 0, 0, 0, 1, 2, 0, 0, 0, 0, 0, 0, 0, 1, 0, 0, 0, 0, 0, 1, 5] 0.227463828292232 0.8146303523925666 
[0, 0, 0, 0, 1, 2, 0, 0, 0, 0, 0, 0, 0, 1, 0, 0, 0, 0, 1, 2, 2] 0.227463828292232 0.8149968268118317 
[0, 0, 0, 0, 1, 2, 0, 0, 0, 0, 0, 0, 0, 1, 0, 0, 0, 0, 0, 0, 3] 0.227463828292232 0.81458654568242 
[0, 0, 0, 0, 1, 2, 0, 0, 0, 0, 0, 0, 0, 1, 0, 0, 0, 1, 0, 2, 5] 0.227463828292232 0.8147928196118257 
[0, 0, 0, 0, 1, 2, 0, 0, 0, 0, 0, 0, 0, 1, 0, 0, 0, 0, 1, 0, 3] 0.227463828292232 0.814967000717485 
[0, 0, 0, 0, 1, 2, 0, 0, 0, 0, 0, 0, 0, 1, 0, 0, 0, 1, 0, 0, 2] 0.227463828292232 0.8147963825908038 
[0, 0, 0, 0, 1, 2, 0, 0, 0, 0, 0, 0, 0, 1, 0, 0, 0, 0, 1, 2, 5] 0.227463828292232 0.8149968268118317 
[0, 0, 0, 0, 1, 2, 0, 0, 0, 0, 0, 0, 0, 1, 0, 0, 0, 0, 0, 0, 5] 0.227463828292232 0.81458654568242 
[0, 0, 0, 0, 1, 1, 0, 0, 0, 0, 0, 0, 0, 2, 0, 0, 0, 0, 0, 0, 3] 0.3208992457027013 1.1148141716089042 
[0, 0, 0, 0, 1, 2, 0, 0, 0, 0, 0, 0, 0, 1, 0, 0, 0, 0, 0, 1, 2] 0.227463828292232 0.8146303523925666 
[0, 0, 0, 0, 1, 2, 0, 0, 0, 0, 0, 0, 0, 1, 0, 0, 0, 1, 1, 1, 3] 0.227463828292232 0.8149863172530714 
[0, 0, 0, 0, 1, 2, 0, 0, 0, 0, 0, 0, 0, 1, 0, 0, 0, 0, 0, 1, 3] 0.227463828292232 0.8146303523925666 
[0, 0, 0, 0, 1, 2, 0, 0, 0, 0, 0, 0, 0, 1, 0, 0, 0, 1, 0, 2, 3] 0.227463828292232 0.8147928196118257 
[0, 0, 0, 0, 1, 2, 0, 0, 0, 0, 0, 0, 0, 1, 0, 0, 0, 0, 0, 0, 8] 0.2333355058431277 0.8011285467789264 
[0, 0, 0, 0, 1, 2, 0, 0, 0, 0, 0, 0, 0, 1, 0, 0, 0, 0, 1, 1, 5] 0.227463828292232 0.814987057841469 
[0, 0, 0, 0, 1, 2, 0, 0, 0, 0, 0, 0, 0, 1, 0, 0, 0, 0, 1, 0, 5] 0.227463828292232 0.814967000717485 
[0, 0, 0, 0, 1, 1, 0, 0, 0, 0, 0, 0, 0, 2, 0, 1, 1, 0, 0, 2, 8] 0.3327416439739951 1.1422102353775492 
[0, 0, 0, 0, 1, 1, 0, 0, 0, 0, 0, 0, 0, 2, 0, 1, 1, 1, 2, 0, 3] 0.3208992457027013 1.1127550314336907 
[0, 0, 0, 0, 1, 2, 0, 0, 0, 0, 0, 0, 0, 1, 0, 0, 0, 0, 0, 0, 7] 0.3039461176408363 0.8000958930912163 
[0, 0, 0, 0, 2, 1, 0, 0, 0, 0, 0, 0, 0, 0, 1, 1, 1, 1, 2, 2, 2] 0.227463828292232 0.7955633159116119 
[0, 0, 0, 0, 1, 1, 0, 0, 0, 0, 0, 0, 0, 2, 0, 1, 0, 0, 0, 2, 3] 0.3208992457027013 1.1127053671461087 
[0, 0, 0, 0, 1, 1, 0, 0, 0, 0, 0, 0, 0, 2, 0, 1, 0, 0, 0, 1, 2] 0.3208992457027013 1.1126914700422703 
[0, 0, 0, 0, 1, 1, 0, 0, 0, 0, 0, 0, 0, 2, 0, 1, 0, 0, 0, 0, 2] 0.3208992457027013 1.1126877165612339 
[0, 0, 0, 0, 1, 1, 0, 0, 0, 0, 0, 0, 0, 2, 0, 0, 0, 1, 0, 0, 2] 0.3208992457027013 1.1150262509673057 
[0, 0, 0, 0, 1, 2, 0, 0, 0, 0, 0, 0, 0, 1, 0, 0, 0, 0, 0, 0, 2] 0.227463828292232 0.81458654568242 
[0, 0, 0, 0, 1, 2, 0, 0, 0, 0, 0, 0, 0, 1, 0, 0, 0, 0, 0, 1, 8] 0.23393235569255985 0.8011626670649106 
[0, 0, 0, 0, 1, 1, 0, 0, 0, 0, 0, 0, 0, 2, 0, 1, 1, 0, 1, 0, 5] 0.3208992457027013 1.1124528726621283 
[0, 0, 0, 0, 1, 1, 0, 0, 0, 0, 0, 0, 0, 2, 0, 1, 1, 0, 0, 2, 5] 0.3208992457027013 1.1127194542559709 
[0, 0, 0, 0, 1, 1, 0, 0, 0, 0, 0, 0, 0, 2, 0, 0, 0, 1, 0, 1, 5] 0.3208992457027013 1.1150066880520024 
[0, 0, 0, 0, 1, 1, 0, 0, 0, 0, 0, 0, 0, 2, 0, 1, 1, 1, 2, 2, 5] 0.3208992457027013 1.1127628050698422 
[0, 0, 0, 0, 1, 1, 0, 0, 0, 0, 0, 0, 0, 2, 0, 1, 0, 1, 1, 2, 5] 0.3208992457027013 1.1124555805606582 
[0, 0, 0, 0, 1, 1, 0, 0, 0, 0, 0, 0, 0, 2, 0, 0, 0, 0, 0, 1, 5] 0.3208992457027013 1.1148581807624551 
[0, 0, 0, 0, 1, 2, 0, 0, 0, 0, 0, 0, 0, 1, 0, 0, 0, 0, 0, 1, 7] 0.3042428618279669 0.800126621951931 
[0, 0, 0, 0, 1, 1, 0, 0, 0, 0, 0, 0, 0, 2, 0, 0, 0, 0, 1, 1, 3] 0.3208992457027013 1.1152692072271544 
[0, 0, 0, 0, 1, 1, 0, 0, 0, 0, 0, 0, 0, 2, 0, 1, 1, 1, 0, 2, 5] 0.3208992457027013 1.112744379853108 
[0, 0, 0, 0, 1, 1, 0, 0, 0, 0, 0, 0, 0, 2, 0, 1, 0, 1, 2, 0, 5] 0.3208992457027013 1.1127271406457575 
[0, 0, 0, 0, 1, 1, 0, 0, 0, 0, 0, 0, 0, 2, 0, 0, 1, 0, 0, 1, 5] 0.3208992457027013 1.1149573952725733 
[0, 0, 0, 0, 1, 2, 0, 0, 0, 0, 0, 0, 0, 1, 0, 0, 0, 0, 0, 2, 8] 0.30484752763769685 0.8089145592494157 
[0, 0, 0, 0, 1, 1, 0, 0, 0, 0, 0, 0, 0, 2, 0, 1, 1, 1, 0, 0, 2] 0.3208992457027013 1.1127141784901993 
[0, 0, 0, 0, 1, 1, 0, 0, 0, 0, 0, 0, 0, 2, 0, 0, 0, 1, 1, 2, 2] 0.3208992457027013 1.115373231793331 
[0, 0, 0, 0, 1, 2, 0, 0, 0, 0, 0, 0, 0, 1, 0, 0, 0, 0, 0, 2, 7] 0.30484752763769685 0.8002077811553043 
[0, 0, 0, 0, 1, 1, 0, 0, 0, 0, 0, 0, 0, 2, 0, 1, 1, 1, 2, 0, 5] 0.3208992457027013 1.1127550314336907 
[0, 0, 0, 0, 1, 1, 0, 0, 0, 0, 0, 0, 0, 2, 0, 1, 1, 0, 2, 1, 5] 0.3208992457027013 1.1127365515644303 
[0, 0, 0, 0, 1, 1, 0, 0, 0, 0, 0, 0, 0, 2, 0, 1, 1, 0, 1, 2, 5] 0.3208992457027013 1.1124568440526013 
[0, 0, 0, 0, 1, 1, 0, 0, 0, 0, 0, 0, 0, 2, 0, 1, 0, 1, 0, 1, 5] 0.3208992457027013 1.1127267246153076 
[0, 0, 0, 0, 1, 1, 0, 0, 0, 0, 0, 0, 0, 2, 0, 1, 0, 0, 2, 1, 5] 0.3208992457027013 1.11272842474508 
[0, 0, 0, 0, 1, 1, 0, 0, 0, 0, 0, 0, 0, 2, 0, 0, 1, 1, 0, 2, 5] 0.3208992457027013 1.1152869905358545 
[0, 0, 0, 0, 1, 2, 0, 0, 0, 0, 0, 0, 0, 1, 0, 0, 0, 0, 0, 2, 3] 0.227463828292232 0.8147840880394787 
[0, 0, 0, 0, 1, 2, 0, 0, 0, 0, 0, 0, 0, 1, 0, 0, 0, 0, 0, 2, 2] 0.227463828292232 0.8147840880394787 
[0, 0, 0, 0, 2, 1, 0, 0, 0, 0, 0, 0, 0, 0, 1, 1, 1, 1, 2, 2, 5] 0.227463828292232 0.7955633159116119 
[0, 0, 0, 0, 1, 1, 0, 0, 0, 0, 0, 0, 0, 2, 0, 0, 1, 0, 0, 2, 5] 0.3208992457027013 1.1150723948672432 
[0, 0, 0, 0, 1, 2, 0, 0, 0, 0, 0, 0, 0, 1, 0, 0, 0, 0, 1, 0, 8] 0.304571381027562 0.8091313626589764 
[0, 0, 0, 0, 1, 1, 0, 0, 0, 0, 0, 0, 0, 2, 0, 1, 0, 1, 1, 0, 5] 0.3208992457027013 1.1124566602005406 
[0, 0, 0, 0, 1, 1, 0, 0, 0, 0, 0, 0, 0, 2, 0, 0, 1, 1, 1, 0, 5] 0.3208992457027013 1.1154002035099653 
[0, 0, 0, 0, 1, 1, 0, 0, 0, 0, 0, 0, 0, 2, 0, 1, 1, 1, 0, 1, 5] 0.3208992457027013 1.112725850291185 
[0, 0, 0, 0, 1, 1, 0, 0, 0, 0, 0, 0, 0, 2, 0, 1, 0, 0, 1, 2, 5] 0.3208992457027013 1.1124534724112618 
[0, 0, 0, 0, 1, 1, 0, 0, 0, 0, 0, 0, 0, 2, 0, 1, 1, 0, 2, 0, 5] 0.3208992457027013 1.1127330997555729 
[0, 0, 0, 0, 1, 1, 0, 0, 0, 0, 0, 0, 0, 2, 0, 0, 1, 0, 1, 1, 5] 0.3208992457027013 1.1153218644107075 
[0, 0, 0, 0, 1, 1, 0, 0, 0, 0, 0, 0, 0, 2, 0, 0, 0, 1, 0, 2, 5] 0.3208992457027013 1.1150214266101923 
[0, 0, 0, 0, 1, 1, 0, 0, 0, 0, 0, 0, 0, 2, 0, 1, 0, 0, 1, 1, 5] 0.3208992457027013 1.1124508903904706 
[0, 0, 0, 0, 1, 1, 0, 0, 0, 0, 0, 0, 0, 2, 0, 0, 1, 0, 1, 0, 5] 0.3208992457027013 1.1152845321645724 
[0, 0, 0, 0, 1, 2, 0, 0, 0, 0, 0, 0, 0, 1, 0, 0, 0, 0, 1, 0, 7] 0.29057750786447156 0.7740754137188439 
[0, 0, 0, 0, 1, 1, 0, 0, 0, 0, 0, 0, 0, 2, 0, 1, 1, 1, 0, 0, 5] 0.3208992457027013 1.1127141784901993 
[0, 0, 0, 0, 1, 1, 0, 0, 0, 0, 0, 0, 0, 2, 0, 0, 1, 1, 0, 0, 5] 0.3208992457027013 1.1150169801497187 
[0, 0, 0, 0, 1, 1, 0, 0, 0, 0, 0, 0, 0, 2, 0, 1, 0, 0, 2, 0, 2] 0.3208992457027013 1.1127107804736016 
[0, 0, 0, 0, 1, 1, 0, 0, 0, 0, 0, 0, 0, 2, 0, 0, 0, 0, 0, 1, 2] 0.3208992457027013 1.1148581807624551 
[0, 0, 0, 0, 1, 1, 0, 0, 0, 0, 0, 0, 0, 2, 0, 0, 0, 1, 1, 0, 5] 0.3208992457027013 1.1152357884525286 
[0, 0, 0, 0, 1, 1, 0, 0, 0, 0, 0, 0, 0, 2, 0, 1, 0, 1, 2, 1, 5] 0.3208992457027013 1.1127259719903821 
[0, 0, 0, 0, 1, 2, 0, 0, 0, 0, 0, 0, 0, 1, 0, 0, 0, 0, 1, 0, 2] 0.227463828292232 0.814967000717485 
hmp_compose_space # = 110592 
hmp_configs_num_pareto_filter = 0 
time_for_valid=255.0 [22.5%]
time_train=0.0 [0.0%]
time_explore=0.0 [0.0%]
time_infer=0.0 [0.0%]
time_filter=0.0 [0.0%]
filter_slice=[276469, 138233, 69115, 34556, 17277, 8637, 4317, 2157, 1077, 537, 267, 132, 131, 130, 129, 128, 127, 126, 125, 124, 123, 122, 121, 120, 119, 118, 117, 116, 115, 114, 113, 112, 111, 110, 109, 108, 107, 106, 105, 104, 103, 102, 101, 100, 99, 98, 97, 96, 95, 94, 93, 92, 91, 90, 89, 88, 87, 86, 85, 84, 83, 82, 81, 80, 79, 78, 77, 76, 75, 74, 73, 72, 71, 70, 69, 68, 67, 66, 65, 64, 63]
time_fit_model_sum=11.0 [1.0%]
core_tag_model_delay_i_mape=[]
core_tag_model_delay_i_r_square=[]
core_tag_model_energy_i_mape=[]
core_tag_model_energy_i_r_square=[]
model_cv_mape=[0.22070675723860597, 0.2845368734720191, 0.32619384339555935, 0.3065209759906903, 0.30343116778287405, 0.32368853169957124, 0.2020143993319269, 0.195375856932049, 0.18569141088301408, 0.18243852792809892, 0.17939833156417595, 0.1820861541202312, 0.1610408072429115, 0.16226759958341547, 0.16048179284037328, 0.16684747068778172, 0.15625448455360866, 0.14452877421226373, 0.14992978691935566, 0.14291192581690987, 0.16678863506328745, 0.14901788460701101, 0.13901017596906737, 0.14286178782908637, 0.142152624977913, 0.13750032369674026, 0.16281274476476149, 0.15660541644926598, 0.17335480182180216, 0.1602240974735871, 0.1623433333339991, 0.13495767888226945, 0.13437516313836723, 0.1332327390535584, 0.1444050433155267, 0.13666794966830995, 0.13505568118943, 0.12414691711971407, 0.12884935794141747, 0.11598694532537686, 0.11676976203485404, 0.10345303935329227, 0.10255411493793318, 0.10246251144878966, 0.09887958701462238, 0.09770396293079808, 0.09336274651349599, 0.09224324944766381, 0.09521900089617154, 0.09707927664716143, 0.09760863673840285, 0.09507132577630882, 0.0948853352794554, 0.09546703644563566, 0.09277345429593478, 0.09173433411235227, 0.08964981330960528, 0.08519841802271069, 0.08528999012725877, 0.08487299428011978, 0.08679233433356104, 0.07972093171561517, 0.07891315808274788, 0.08881459401819093, 0.08718364902437463, 0.08848801025893623, 0.08026642846895513, 0.08127484091460589, 0.07971051952086208, 0.0795849562650181, 0.08002349767916747, 0.07882103552482304, 0.0761389742122408, 0.07883986108501437, 0.07769874937713775, 0.07757258394409117, 0.07586279491888706, 0.0765870753668022, 0.07562702140216201, 0.0747928229505889, 0.0757373532942706]
model_cv_r_square=[-1004.1410820384395, -0.4441312709473693, -0.49645146555419845, -0.43037075383785633, -0.3777326996631913, -0.4189289592945952, -0.5751947835850008, -0.29992250380176083, -9.762828636912483, -0.46481526821714436, -0.6572897832705278, -1.0022232110234428, -26.994840969329054, -33.48309226250196, -15.830488246393003, -17.950100772100534, -20.209015588436337, -18.017487629310093, -12.493288231925241, -10.584432738389605, -0.10295269183264319, -0.2601703304077834, -8.803360861964537, -10.598575664998597, -10.089473218084473, -10.766721107569204, -10.313027829996557, -9.625967529667985, -7.20261492116296, 0.4156635198078257, 0.4010669799061789, 0.27025172758082483, 0.2411854175321433, 0.232686259490273, 0.18322548050246135, 0.2519290644568625, 0.2235609056042991, 0.190017406400875, 0.13216900353763675, 0.22805487411514286, 0.1733561840060574, -0.07302812075756959, -9.792992560847706, -9.617945852037465, -9.250443457810393, -9.269336671298628, 0.5676270272675492, 0.5786000565633306, 0.5932903822133091, 0.5873103816125826, 0.6014416851785988, 0.5934813983009379, 0.5861109938605689, 0.5917791923158459, 0.582763550464273, 0.585030994648184, 0.5762493764906391, 0.5940374003309252, 0.6046136576258454, 0.591403900716125, 0.6020989014742129, 0.6176471781774121, 0.6383487850537765, 0.6220905735105237, 0.5928882673260624, 0.5934051930057931, 0.61706584054746, 0.6126934267266236, 0.6295377007064593, 0.6427156774635341, 0.6260664711251244, 0.6371629466925688, 0.6249700794427928, 0.6286593695112377, 0.624107866348065, 0.6425991191569903, 0.6345787160207592, 0.6671560350227892, 0.674458412627956, 0.6951977609157004, 0.6809249637664019]
model_valid_mape=[0.4300950678863075, 0.4255044153508466, 0.43086398380978375, 0.43220888819246744, 0.4272907599509622, 0.4295807860794069, 0.4398500579317623, 0.4258737014825255, 0.43105914386609095, 0.4242391955277343, 0.44117441374588884, 0.43354906235529245, 0.4215339413017206, 0.4290616093981345, 0.4409372510458974, 0.422992566017731, 0.43856102998606716, 0.44367662343390174, 0.4344411471392675, 0.43357905449659895, 0.4232104209017442, 0.41282609900453826, 0.42142246471391026, 0.41160370497095494, 0.4160475127145986, 0.4133462208183203, 0.4119675059300667, 0.41347125690010506, 0.40259336645619015, 0.410199147147609, 0.3970182211997693, 0.42596796588961827, 0.4224447494193449, 0.41250218273469375, 0.4190128422409983, 0.41115897367809034, 0.41265792433113674, 0.4068873025044412, 0.407153675202483, 0.4027542126197949, 0.4194555990288986, 0.4058427891080235, 0.4188138530356327, 0.4194928194250618, 0.43879724261028463, 0.41418617694963894, 0.4305181438760527, 0.41511429985511916, 0.4252202035626207, 0.40730573512898766, 0.4093508855186073, 0.4096907027347615, 0.40641306668213306, 0.42568574566236533, 0.4132903269893618, 0.4135222922046665, 0.4152833858447225, 0.4157419505632218, 0.41939758900012825, 0.4107280538690551, 0.41013666330607457, 0.40796287397425973, 0.4334604189265662, 0.4269578311212574, 0.42163238684299, 0.42018017914792316, 0.4143249376534397, 0.4311213410350364, 0.4286720848359798, 0.4334053202100964, 0.4108812877830109, 0.41905317115467833, 0.43409724311318726, 0.42618798744538294, 0.4174152619079959, 0.42658292289778077, 0.4240074832880028, 0.44320939954180366, 0.4254379236335184, 0.43722478156119854, 0.4331117605480879]
model_valid_r_square=[-1.8524655983755998, -1.7631405033496939, -1.8260465891893771, -1.8160111350277903, -1.741034192752617, -1.8219141703265191, -1.9435520423308228, -1.8125313936611192, -1.8749094680634042, -1.8061772902828679, -1.9553027572103647, -1.8974897613066268, -1.8026911324753065, -1.8353416903440372, -1.9580463592051314, -1.780187506718916, -1.8937813931764027, -1.9343060288514304, -1.8623834691884418, -1.8317290277217309, -1.751617445929865, -1.6667882140325228, -1.7987946789734246, -1.753155174901504, -1.7599146016476062, -1.7106575789348772, -1.6685361828572685, -1.6988423421421586, -1.608526775693512, -1.6755920159793574, -1.6456109420255731, -1.8356696773121302, -1.7778947728219783, -1.7551609122004321, -1.7822264858297499, -1.7304561276243047, -1.7669800323005167, -1.7013036992029655, -1.7138514701379428, -1.6588299480887394, -1.8246639694692344, -1.7104342615786834, -1.770361658491939, -1.8437019234895953, -1.8953676649273388, -1.7397807988192713, -1.8506873779885682, -1.7814269508286613, -1.9160535531044993, -1.749886682060433, -1.7251898332616795, -1.7465550983002265, -1.6804280017627966, -1.8664925111657262, -1.8280710935367628, -1.8278029106693285, -1.8301616006781396, -1.8432891055174685, -1.869713767990528, -1.8239590294349082, -1.7455610260752987, -1.7283120349186047, -2.018974284082647, -1.9335742228297832, -1.8747638835543352, -1.8113155020235325, -1.8285390283061358, -1.9019159763284708, -1.885879015795203, -1.940299690412206, -1.7460141605025559, -1.8688200699695963, -1.9975209553805549, -1.9317342053675186, -1.7839237443088218, -1.8782834281057568, -1.8427597795585258, -1.929525981445141, -1.9560811946482817, -1.9538694811708925, -1.9272561822125693]
time_hybrid_core_tag_model_increase_samples=0 [0.0%]
