[1, 0, 1, 1, 0, 0, 0, 0, 0, 0, 1, 0, 1, 1, 1, 0, 0, 0, 1, 0, 1, 1, 1, 1, 0, 0, 1, 1, 1, 0, 0, 0, 0, 1, 1, 0, 0, 0, 1, 1, 1] 
schedule_mode = EER 
origin_core_space_size #= 31 
selected_core_space_size #= 15 
aimFunc #= 100 
time_obj_func #= 864.0 
schedule_result_database #= 100 
last_mean #= [0.1849142090579444, 0.18491465227150755, 0.1849193413881656, 0.18491854676830394, 0.1849080791804878, 0.18498747011839306, 0.18494188081403007, 0.18500537454257007, 0.18503242326176775, 0.18503630282122038, 0.18508273099667646, 0.1850972649218284, 0.1851228093355939, 0.18512656103341027, 0.18514620453405806, 0.18515285417411853, 0.1851488967275953, 0.18516979253966223, 0.18514616833966133, 0.1851509804086352, 0.18514306389971097, 0.18514515559359862, 0.1851448618018658, 0.185127126106975, 0.18513668811296222, 0.18512060989102644, 0.18513431577727307, 0.18512816822127737, 0.18514172647795935, 0.1851559234939297, 0.18513440709674875, 0.1851280015745831, 0.18514113896971357, 0.18515356324781013, 0.18516234789302932, 0.1851600405700531, 0.18511894296671141, 0.1851172529813048, 0.18512588272468558, 0.18515115102722085, 0.18512651747511238, 0.18511974422247005, 0.1851085002292426, 0.18508938833518662, 0.18510338152376424, 0.18511143674786887, 0.18510489540105854, 0.18509249494606073, 0.18508446826101835, 0.18510423306368864, 0.18510292181988106, 0.18509650645778858, 0.18507905153507223, 0.185073257988345, 0.18507256297215224, 0.18505562600486797, 0.18506770075526371, 0.1850843686439665, 0.18506998851021245, 0.1850799855870362, 0.1850748012762251, 0.18507770235671192, 0.18507325913576989, 0.18506066842234017, 0.18505615162690078, 0.1850621706492314, 0.18507389274575303, 0.1850786070684473, 0.18515554397290185, 0.185083087855504, 0.18507920596636832, 0.18508682608076996, 0.18507949504414964, 0.1850890764819771, 0.18515198431474353, 0.18514225520017397, 0.1851372000241424, 0.18510219955832152, 0.1851261120046492, 0.1851162278851718, 0.1851129653980531] 
last_ucb #= [5.0322544184463686e-08, 1.2754564730605223e-07, 2.605843642844195e-07, 2.899680795103499e-07, 7.210667310332233e-07, 5.3589809125337935e-06, 5.602946708323217e-06, 7.40755822445644e-06, 8.09053060863937e-06, 6.401193210784356e-06, 6.881792536567591e-06, 9.492469056316174e-06, 6.209732297178556e-06, 8.518217384886005e-06, 1.0401973358899394e-05, 7.285166528558913e-06, 6.333052498264258e-06, 7.446424914750155e-06, 6.696416122438782e-06, 4.964775321523007e-06, 6.899438292088516e-06, 6.2196878511547826e-06, 5.4309534883979505e-06, 4.992062592727888e-06, 4.6663149246134814e-06, 5.087111608368353e-06, 4.954758353656693e-06, 5.134658905044183e-06, 4.957599393370117e-06, 4.541369088110724e-06, 4.869618416809846e-06, 4.319537762602601e-06, 4.480277965056903e-06, 3.869942222714859e-06, 6.064242306884429e-06, 7.553578285251588e-06, 6.158672840055584e-06, 6.117893682713468e-06, 4.633106564023671e-06, 4.8984475672136774e-06, 5.3355605503906885e-06, 5.804990775909055e-06, 5.446107146043259e-06, 5.009806516283461e-06, 5.0471721314080805e-06, 5.405476065886102e-06, 4.770918469760778e-06, 4.0808778456047444e-06, 4.1222303408632516e-06, 4.391682314668087e-06, 4.956852727546989e-06, 4.59088556936789e-06, 4.217050931782869e-06, 4.159890709566278e-06, 3.729275656462924e-06, 3.7881608336065414e-06, 4.143206061504983e-06, 3.848375855905376e-06, 4.032424856594493e-06, 3.5893390325975383e-06, 3.5999158184365197e-06, 3.7323261745933043e-06, 3.6713920192515638e-06, 3.869579135568942e-06, 3.2737949848885248e-06, 3.679254566669085e-06, 2.9525560262632966e-06, 3.4490010018513004e-06, 4.160662372096483e-06, 3.6551335483823406e-06, 3.545227359150375e-06, 3.83818888874595e-06, 3.3957873290050494e-06, 3.5978843100333387e-06, 4.4933935594915e-06, 4.322517772377353e-06, 4.8387567877693645e-06, 3.4784878948162795e-06, 4.274809667674521e-06, 3.833783204292247e-06, 4.1069257063308505e-06] 
X_all_go #= [] 
core_space #= 15 
[[2 0 0 3 2 2 1 0 1 3 0]
 [3 0 0 0 0 1 1 1 1 3 4]
 [3 0 0 0 2 0 0 1 3 3 0]
 [3 0 0 1 0 0 1 1 3 0 1]
 [3 0 0 1 0 1 1 1 0 2 5]
 [3 0 0 1 0 2 0 1 1 3 6]
 [3 0 0 1 1 0 0 1 2 1 0]
 [3 0 0 1 1 0 1 0 0 3 4]
 [3 0 0 1 1 1 1 1 1 1 1]
 [3 0 0 2 0 0 0 0 2 2 6]
 [3 0 0 2 2 0 0 1 3 2 4]
 [3 0 0 3 2 1 0 0 1 3 3]
 [3 0 0 3 2 1 0 0 3 1 2]
 [3 0 0 3 2 2 1 0 0 0 2]
 [3 0 0 3 2 2 1 1 0 3 2]] 
time_used = 2311.0 
time_used_map[register] = 0 
time_used_map[single_core_model] = 0 
time_used_map[selection] = 0:03:27 
time_used_map[prepare] = 0:03:27 
time_used_map[flow_all] = 0:45:44 
hmp_configs # = 100 
hmp_configs = 
[0, 0, 0, 0, 1, 2, 0, 0, 0, 0, 0, 0, 0, 1, 0, 1, 0, 0, 1, 1, 7] 0.31297014067923035 0.8015533204903897 
[0, 0, 0, 0, 2, 1, 0, 0, 0, 0, 0, 0, 0, 0, 1, 0, 0, 1, 0, 0, 7] 0.30415606127452216 0.7799769516240058 
[0, 0, 0, 0, 2, 0, 0, 1, 0, 0, 0, 0, 1, 0, 0, 1, 0, 0, 1, 1, 7] 0.600476678606104 0.9364659736499561 
[0, 0, 0, 0, 1, 0, 0, 0, 1, 0, 0, 0, 2, 0, 0, 1, 1, 0, 0, 2, 7] 0.5910602573739384 0.9368777247368871 
[0, 0, 0, 0, 0, 0, 0, 0, 0, 1, 0, 0, 0, 2, 1, 1, 0, 0, 1, 0, 2] 0.3208992457027013 1.142870678020387 
[0, 1, 0, 0, 0, 0, 0, 2, 0, 0, 0, 0, 0, 0, 1, 1, 0, 0, 2, 2, 8] 0.27260097671973527 0.6588433048818264 
[0, 0, 1, 0, 0, 0, 0, 1, 0, 0, 0, 0, 0, 0, 2, 0, 1, 1, 1, 2, 8] 0.21539166372110788 0.9197615403991788 
[0, 0, 0, 1, 0, 0, 0, 0, 2, 1, 0, 0, 0, 0, 0, 0, 1, 1, 1, 2, 8] 0.5850295954465805 0.9807477171310026 
[0, 0, 0, 0, 0, 0, 1, 0, 0, 0, 0, 0, 1, 2, 0, 1, 0, 0, 2, 1, 2] 0.3208992457027013 1.1436340946423496 
[0, 2, 0, 0, 0, 0, 0, 1, 0, 0, 1, 0, 0, 0, 0, 1, 0, 1, 0, 1, 8] 0.22498404794374857 0.7275186919748518 
[0, 0, 0, 2, 0, 0, 0, 0, 0, 1, 0, 1, 0, 0, 0, 1, 1, 0, 1, 1, 8] 0.5440697309719427 1.2329086554461595 
[1, 0, 0, 0, 0, 0, 2, 0, 0, 0, 0, 0, 0, 0, 1, 0, 0, 0, 1, 2, 8] 0.24121289412628524 0.9269558686093288 
[0, 0, 0, 0, 1, 2, 0, 0, 0, 0, 0, 0, 0, 1, 0, 1, 0, 0, 0, 2, 2] 0.227463828292232 0.8129460395316858 
[0, 0, 0, 0, 1, 2, 0, 0, 0, 0, 0, 0, 0, 1, 0, 1, 0, 0, 0, 2, 3] 0.227463828292232 0.8129460395316858 
[0, 0, 0, 0, 1, 2, 0, 0, 0, 0, 0, 0, 0, 1, 0, 1, 0, 0, 0, 2, 5] 0.227463828292232 0.8129460395316858 
[0, 0, 0, 0, 1, 2, 0, 0, 0, 0, 0, 0, 0, 1, 0, 1, 0, 0, 0, 2, 7] 0.2944914359820009 0.7661490353029493 
[0, 0, 0, 0, 1, 2, 0, 0, 0, 0, 0, 0, 0, 1, 0, 1, 0, 0, 0, 2, 8] 0.23430885337364488 0.792427269408174 
[0, 0, 0, 0, 1, 2, 0, 0, 0, 0, 0, 0, 0, 1, 0, 1, 0, 0, 0, 1, 2] 0.227463828292232 0.8129323448712519 
[0, 0, 0, 0, 1, 2, 0, 0, 0, 0, 0, 0, 0, 1, 0, 1, 0, 0, 0, 1, 3] 0.227463828292232 0.8129323448712519 
[0, 0, 0, 0, 1, 2, 0, 0, 0, 0, 0, 0, 0, 1, 0, 1, 0, 0, 0, 1, 5] 0.227463828292232 0.8129323448712519 
[0, 0, 0, 0, 1, 2, 0, 0, 0, 0, 0, 0, 0, 1, 0, 1, 1, 1, 2, 2, 3] 0.227463828292232 0.8130036176085456 
[0, 0, 0, 0, 1, 2, 0, 0, 0, 0, 0, 0, 0, 1, 0, 1, 1, 1, 2, 2, 2] 0.227463828292232 0.8130036176085456 
[0, 0, 0, 0, 1, 2, 0, 0, 0, 0, 0, 0, 0, 1, 0, 0, 1, 0, 0, 2, 3] 0.227463828292232 0.814843554280333 
[0, 0, 0, 0, 1, 2, 0, 0, 0, 0, 0, 0, 0, 1, 0, 1, 0, 1, 1, 1, 2] 0.227463828292232 0.8127496270056466 
[0, 0, 0, 0, 1, 2, 0, 0, 0, 0, 0, 0, 0, 1, 0, 0, 0, 0, 0, 2, 2] 0.227463828292232 0.8147840880394787 
[0, 0, 0, 0, 1, 2, 0, 0, 0, 0, 0, 0, 0, 1, 0, 0, 0, 0, 0, 1, 2] 0.227463828292232 0.8146303523925666 
[0, 0, 0, 0, 1, 2, 0, 0, 0, 0, 0, 0, 0, 1, 0, 0, 0, 0, 0, 0, 5] 0.227463828292232 0.81458654568242 
[0, 0, 0, 0, 1, 2, 0, 0, 0, 0, 0, 0, 0, 1, 0, 0, 0, 1, 1, 1, 3] 0.227463828292232 0.8149863172530714 
[0, 0, 0, 0, 1, 2, 0, 0, 0, 0, 0, 0, 0, 1, 0, 0, 0, 0, 1, 2, 5] 0.227463828292232 0.8149968268118317 
[0, 0, 0, 0, 1, 2, 0, 0, 0, 0, 0, 0, 0, 1, 0, 0, 1, 0, 0, 2, 2] 0.227463828292232 0.814843554280333 
[0, 0, 0, 0, 1, 2, 0, 0, 0, 0, 0, 0, 0, 1, 0, 0, 0, 0, 1, 2, 2] 0.227463828292232 0.8149968268118317 
[0, 0, 0, 0, 1, 2, 0, 0, 0, 0, 0, 0, 0, 1, 0, 0, 0, 0, 0, 0, 3] 0.227463828292232 0.81458654568242 
[0, 0, 0, 0, 1, 2, 0, 0, 0, 0, 0, 0, 0, 1, 0, 0, 1, 0, 1, 2, 2] 0.227463828292232 0.8151509663067773 
[0, 0, 0, 0, 1, 2, 0, 0, 0, 0, 0, 0, 0, 1, 0, 0, 1, 0, 0, 0, 3] 0.227463828292232 0.8147853416779874 
[0, 0, 0, 0, 1, 2, 0, 0, 0, 0, 0, 0, 0, 1, 0, 0, 1, 1, 0, 2, 5] 0.227463828292232 0.8150583835374878 
[0, 0, 0, 0, 1, 2, 0, 0, 0, 0, 0, 0, 0, 1, 0, 0, 1, 0, 0, 1, 3] 0.227463828292232 0.8147295669026849 
[0, 0, 0, 0, 1, 2, 0, 0, 0, 0, 0, 0, 0, 1, 0, 0, 1, 1, 0, 1, 2] 0.227463828292232 0.8148662165347313 
[0, 0, 0, 0, 1, 2, 0, 0, 0, 0, 0, 0, 0, 1, 0, 1, 0, 0, 1, 1, 3] 0.227463828292232 0.8127460667695375 
[0, 0, 0, 0, 1, 2, 0, 0, 0, 0, 0, 0, 0, 1, 0, 0, 0, 0, 0, 1, 3] 0.227463828292232 0.8146303523925666 
[0, 0, 0, 0, 1, 2, 0, 0, 0, 0, 0, 0, 0, 1, 0, 1, 0, 1, 1, 2, 3] 0.227463828292232 0.8127502352586442 
[0, 0, 0, 0, 1, 2, 0, 0, 0, 0, 0, 0, 0, 1, 0, 0, 0, 0, 1, 0, 3] 0.227463828292232 0.814967000717485 
[0, 0, 0, 0, 1, 2, 0, 0, 0, 0, 0, 0, 0, 1, 0, 1, 1, 0, 2, 2, 3] 0.227463828292232 0.8129820391566566 
[0, 0, 0, 0, 1, 2, 0, 0, 0, 0, 0, 0, 0, 1, 0, 1, 0, 1, 0, 2, 3] 0.227463828292232 0.812955256573264 
[0, 0, 0, 0, 1, 2, 0, 0, 0, 0, 0, 0, 0, 1, 0, 0, 0, 0, 1, 1, 3] 0.227463828292232 0.814987057841469 
[0, 0, 0, 0, 1, 2, 0, 0, 0, 0, 0, 0, 0, 1, 0, 1, 1, 0, 0, 2, 3] 0.227463828292232 0.8129601266415478 
[0, 0, 0, 0, 1, 2, 0, 0, 0, 0, 0, 0, 0, 1, 0, 0, 1, 1, 1, 0, 3] 0.227463828292232 0.8151167343490091 
[0, 0, 0, 0, 1, 2, 0, 0, 0, 0, 0, 0, 0, 1, 0, 1, 1, 0, 2, 1, 3] 0.227463828292232 0.812977286240286 
[0, 0, 0, 0, 1, 2, 0, 0, 0, 0, 0, 0, 0, 1, 0, 0, 0, 1, 1, 2, 3] 0.227463828292232 0.8150915846230142 
[0, 0, 0, 0, 1, 2, 0, 0, 0, 0, 0, 0, 0, 1, 0, 0, 0, 1, 0, 2, 3] 0.227463828292232 0.8147928196118257 
[0, 0, 0, 0, 1, 2, 0, 0, 0, 0, 0, 0, 0, 1, 0, 1, 1, 1, 1, 1, 3] 0.227463828292232 0.8127599696134095 
[0, 0, 0, 0, 1, 2, 0, 0, 0, 0, 0, 0, 0, 1, 0, 1, 1, 0, 2, 0, 3] 0.227463828292232 0.8129736787057329 
[0, 0, 0, 0, 1, 2, 0, 0, 0, 0, 0, 0, 0, 1, 0, 0, 1, 1, 1, 1, 3] 0.227463828292232 0.8151965087358022 
[0, 0, 0, 0, 1, 2, 0, 0, 0, 0, 0, 0, 0, 1, 0, 0, 0, 1, 1, 0, 3] 0.227463828292232 0.8149523192915724 
[0, 0, 0, 0, 1, 2, 0, 0, 0, 0, 0, 0, 0, 1, 0, 0, 0, 1, 0, 0, 3] 0.227463828292232 0.8147963825908038 
[0, 0, 0, 0, 1, 2, 0, 0, 0, 0, 0, 0, 0, 1, 0, 1, 1, 0, 1, 0, 2] 0.227463828292232 0.8127478933154992 
[0, 0, 0, 0, 1, 2, 0, 0, 0, 0, 0, 0, 0, 1, 0, 1, 1, 0, 0, 1, 2] 0.227463828292232 0.8129673323051193 
[0, 0, 0, 0, 1, 2, 0, 0, 0, 0, 0, 0, 0, 1, 0, 1, 0, 0, 2, 1, 2] 0.227463828292232 0.8129691594209354 
[0, 0, 0, 0, 1, 2, 0, 0, 0, 0, 0, 0, 0, 1, 0, 0, 1, 0, 0, 0, 2] 0.227463828292232 0.8147853416779874 
[0, 0, 0, 0, 1, 2, 0, 0, 0, 0, 0, 0, 0, 1, 0, 0, 0, 1, 0, 1, 2] 0.227463828292232 0.8147774425782833 
[0, 0, 0, 0, 1, 2, 0, 0, 0, 0, 0, 0, 0, 1, 0, 1, 0, 1, 0, 0, 2] 0.227463828292232 0.8129582657892962 
[0, 0, 0, 0, 1, 2, 0, 0, 0, 0, 0, 0, 0, 1, 0, 1, 0, 0, 2, 2, 2] 0.227463828292232 0.8129624138613659 
[0, 0, 0, 0, 1, 2, 0, 0, 0, 0, 0, 0, 0, 1, 0, 1, 0, 0, 1, 1, 2] 0.227463828292232 0.8127460667695375 
[0, 0, 0, 0, 1, 2, 0, 0, 0, 0, 0, 0, 0, 1, 0, 1, 0, 0, 0, 0, 2] 0.227463828292232 0.8129283889468112 
[0, 0, 0, 0, 1, 2, 0, 0, 0, 0, 0, 0, 0, 1, 0, 0, 1, 1, 0, 2, 2] 0.227463828292232 0.8150583835374878 
[0, 0, 0, 0, 1, 2, 0, 0, 0, 0, 0, 0, 0, 1, 0, 0, 0, 0, 0, 0, 2] 0.227463828292232 0.81458654568242 
[0, 0, 0, 0, 1, 2, 0, 0, 0, 0, 0, 0, 0, 1, 0, 1, 1, 0, 1, 1, 2] 0.227463828292232 0.8127484224836028 
[0, 0, 0, 0, 1, 2, 0, 0, 0, 0, 0, 0, 0, 1, 0, 1, 1, 1, 0, 1, 2] 0.227463828292232 0.8129664058824905 
[0, 0, 0, 0, 1, 2, 0, 0, 0, 0, 0, 0, 0, 1, 0, 1, 0, 0, 2, 0, 2] 0.227463828292232 0.8129513594237616 
[0, 0, 0, 0, 1, 2, 0, 0, 0, 0, 0, 0, 0, 1, 0, 0, 1, 0, 1, 1, 2] 0.227463828292232 0.8150397150250219 
[0, 0, 0, 0, 1, 2, 0, 0, 0, 0, 0, 0, 0, 1, 0, 1, 1, 0, 2, 2, 2] 0.227463828292232 0.8129820391566566 
[0, 0, 0, 0, 1, 2, 0, 0, 0, 0, 0, 0, 0, 1, 0, 1, 0, 1, 1, 0, 2] 0.227463828292232 0.812751338257381 
[0, 0, 0, 0, 1, 2, 0, 0, 0, 0, 0, 0, 0, 1, 0, 1, 0, 0, 1, 2, 2] 0.227463828292232 0.8127484463469241 
[0, 0, 0, 0, 1, 2, 0, 0, 0, 0, 0, 0, 0, 1, 0, 1, 1, 0, 0, 2, 2] 0.227463828292232 0.8129601266415478 
[0, 0, 0, 0, 1, 2, 0, 0, 0, 0, 0, 0, 0, 1, 0, 1, 0, 1, 1, 2, 2] 0.227463828292232 0.8127502352586442 
[0, 0, 0, 0, 1, 2, 0, 0, 0, 0, 0, 0, 0, 1, 0, 1, 0, 1, 2, 0, 2] 0.227463828292232 0.8129675327250824 
[0, 0, 0, 0, 1, 2, 0, 0, 0, 0, 0, 0, 0, 1, 0, 0, 1, 0, 0, 1, 2] 0.227463828292232 0.8147295669026849 
[0, 0, 0, 0, 1, 2, 0, 0, 0, 0, 0, 0, 0, 1, 0, 0, 0, 0, 1, 1, 2] 0.227463828292232 0.814987057841469 
[0, 0, 0, 0, 1, 2, 0, 0, 0, 0, 0, 0, 0, 1, 0, 1, 1, 0, 1, 2, 2] 0.227463828292232 0.8127518179882636 
[0, 0, 0, 0, 1, 2, 0, 0, 0, 0, 0, 0, 0, 1, 0, 0, 1, 1, 0, 0, 2] 0.227463828292232 0.8147871117732169 
[0, 0, 0, 0, 1, 2, 0, 0, 0, 0, 0, 0, 0, 1, 0, 1, 1, 1, 1, 2, 2] 0.227463828292232 0.8127652057234982 
[0, 0, 0, 0, 1, 2, 0, 0, 0, 0, 0, 0, 0, 1, 0, 1, 0, 1, 2, 1, 2] 0.227463828292232 0.8129663173519988 
[0, 0, 0, 0, 1, 2, 0, 0, 0, 0, 0, 0, 0, 1, 0, 1, 0, 0, 1, 0, 2] 0.227463828292232 0.8127465648769359 
[0, 0, 0, 0, 1, 2, 0, 0, 0, 0, 0, 0, 0, 1, 0, 1, 1, 0, 2, 1, 2] 0.227463828292232 0.812977286240286 
[0, 0, 0, 0, 1, 2, 0, 0, 0, 0, 0, 0, 0, 1, 0, 1, 1, 1, 1, 1, 2] 0.227463828292232 0.8127599696134095 
[0, 0, 0, 0, 1, 2, 0, 0, 0, 0, 0, 0, 0, 1, 0, 0, 0, 1, 1, 0, 2] 0.227463828292232 0.8149523192915724 
[0, 0, 0, 0, 1, 2, 0, 0, 0, 0, 0, 0, 0, 1, 0, 0, 0, 1, 0, 2, 2] 0.227463828292232 0.8147928196118257 
[0, 0, 0, 0, 1, 2, 0, 0, 0, 0, 0, 0, 0, 1, 0, 0, 0, 1, 0, 0, 2] 0.227463828292232 0.8147963825908038 
[0, 0, 0, 0, 1, 2, 0, 0, 0, 0, 0, 0, 0, 1, 0, 0, 1, 0, 1, 0, 2] 0.227463828292232 0.8150025268251555 
[0, 0, 0, 0, 1, 2, 0, 0, 0, 0, 0, 0, 0, 1, 0, 1, 1, 1, 0, 2, 3] 0.227463828292232 0.8129849588032679 
[0, 0, 0, 0, 1, 2, 0, 0, 0, 0, 0, 0, 0, 1, 0, 1, 0, 1, 0, 1, 2] 0.227463828292232 0.812967280206613 
[0, 0, 0, 0, 1, 2, 0, 0, 0, 0, 0, 0, 0, 1, 0, 0, 0, 1, 1, 1, 2] 0.227463828292232 0.8149863172530714 
[0, 0, 0, 0, 1, 2, 0, 0, 0, 0, 0, 0, 0, 1, 0, 1, 1, 0, 2, 0, 2] 0.227463828292232 0.8129736787057329 
[0, 0, 0, 0, 1, 2, 0, 0, 0, 0, 0, 0, 0, 1, 0, 0, 1, 1, 1, 2, 2] 0.227463828292232 0.8153401400751522 
[0, 0, 0, 0, 1, 2, 0, 0, 0, 0, 0, 0, 0, 1, 0, 0, 1, 1, 1, 1, 2] 0.227463828292232 0.8151965087358022 
[0, 0, 0, 0, 1, 2, 0, 0, 0, 0, 0, 0, 0, 1, 0, 1, 1, 1, 0, 1, 3] 0.227463828292232 0.8129664058824905 
[0, 0, 0, 0, 1, 2, 0, 0, 0, 0, 0, 0, 0, 1, 0, 1, 0, 0, 2, 2, 3] 0.227463828292232 0.8129624138613659 
[0, 0, 0, 0, 1, 2, 0, 0, 0, 0, 0, 0, 0, 1, 0, 1, 1, 1, 1, 0, 3] 0.227463828292232 0.8127549395355662 
[0, 0, 0, 0, 1, 2, 0, 0, 0, 0, 0, 0, 0, 1, 0, 1, 1, 0, 0, 0, 2] 0.227463828292232 0.8129591835094295 
[0, 0, 0, 0, 1, 2, 0, 0, 0, 0, 0, 0, 0, 1, 0, 1, 1, 0, 1, 0, 3] 0.227463828292232 0.8127478933154992 
[0, 0, 0, 0, 1, 2, 0, 0, 0, 0, 0, 0, 0, 1, 0, 1, 1, 0, 0, 1, 3] 0.227463828292232 0.8129673323051193 
hmp_compose_space # = 110592 
hmp_configs_num_pareto_filter = 0 
time_for_valid=433.0 [15.8%]
time_train=0.0 [0.0%]
time_explore=0.0 [0.0%]
time_infer=0.0 [0.0%]
time_filter=0.0 [0.0%]
filter_slice=[276469, 138233, 69115, 34556, 17277, 8637, 4317, 2157, 1077, 537, 267, 132, 131, 130, 129, 128, 127, 126, 125, 124, 123, 122, 121, 120, 119, 118, 117, 116, 115, 114, 113, 112, 111, 110, 109, 108, 107, 106, 105, 104, 103, 102, 101, 100, 99, 98, 97, 96, 95, 94, 93, 92, 91, 90, 89, 88, 87, 86, 85, 84, 83, 82, 81, 80, 79, 78, 77, 76, 75, 74, 73, 72, 71, 70, 69, 68, 67, 66, 65, 64, 63]
time_fit_model_sum=37.0 [1.3%]
core_tag_model_delay_i_mape=[]
core_tag_model_delay_i_r_square=[]
core_tag_model_energy_i_mape=[]
core_tag_model_energy_i_r_square=[]
model_cv_mape=[0.4091592107988292, 0.4228533136327153, 0.4597822232627554, 0.4519084802462869, 0.49032703494440033, 0.5065198196036819, 0.5086152392155463, 0.3616391101401917, 0.2998235710854774, 0.26659470737026814, 0.2632964083994273, 0.2568687626684012, 0.25199112576465205, 0.24838524658555702, 0.25545767726091684, 0.2479799726429373, 0.24798376350348725, 0.24593475730687836, 0.24818676439364523, 0.24587870966004627, 0.2443220802038962, 0.242147068765112, 0.2410047753395888, 0.24375762812111193, 0.2410339630631758, 0.23832052344854268, 0.23609081896691828, 0.23638672680426054, 0.23597126601121404, 0.23604613955420808, 0.2336390954796525, 0.22962560534159365, 0.23315549179534828, 0.22920698560519712, 0.2264950683831355, 0.22001163269273802, 0.2292358842369678, 0.22653348660141356, 0.2238621685978041, 0.2191505017712195, 0.218437089405693, 0.2189963060263655, 0.21785315610904057, 0.22192920854311815, 0.20872738330870733, 0.2138022062061661, 0.20502825257637328, 0.2155832652738407, 0.20739849199445412, 0.21135483859439855, 0.21273378633482581, 0.22206436109663183, 0.2209491211865579, 0.22426662132866076, 0.22302064245611528, 0.22145855190581615, 0.21389770992108503, 0.21306654678257808, 0.20973805515732868, 0.21787818266875694, 0.2240762874596171, 0.21658361649143357, 0.2156924046561235, 0.21079625888656844, 0.22263942779755408, 0.21466980301585653, 0.20633163524224396, 0.2111778768182193, 0.2079800976596228, 0.21489409586253375, 0.20576999285771952, 0.21139754497509217, 0.2071846080677428, 0.2069530559824381, 0.20470104086366167, 0.2003223604727374, 0.20170586441765687, 0.21318543830758135, 0.20491554921005029, 0.20568867889070716, 0.2018832618633902]
model_cv_r_square=[-0.2790835092975733, -0.322960049793537, -0.6819134775396185, -0.6122927589799719, -1.0327361414843548, -1.079893587464035, -1.1157798642822143, -0.36679132017800226, -0.15976197840355721, -0.10104431696572092, -0.17770604774967425, -0.12342545700938128, -0.10329005223252945, -0.10765394195025421, -0.1644081252898027, -0.16921282336237628, -0.18014162142972592, -0.18163700037570138, -0.21820803232058542, -0.15964838774034065, -0.1421355223550688, -0.12154900407658911, -0.11571001666225933, -0.16888887780878553, -0.16365337587162404, -0.1475041616614068, -0.15249270308611682, -0.13223666316154611, -0.13787095079407025, -0.11785723010246081, -0.14366267053476153, -0.1326305070536191, -0.19110684494633184, -0.1764712496825769, -0.13154488857157007, -0.08090529195949683, -0.11114480326054144, -0.08124267416553396, -0.05585592458015787, -0.04645923717742828, -0.02296367757397986, -0.025581605597126522, -0.026243056849811076, -0.0546869231447793, -0.03903993189647974, -0.12473713549896523, -0.018155904574524186, -0.10875447650942875, -0.20215893555876, -0.15519581402169794, -0.13927104793228853, -0.1449387190894753, -0.15795609344756567, -0.13895264314304231, -0.1140620000793185, -0.1051854859315712, -0.08707398874764183, -0.10959952309893695, -0.06274775194914146, -0.11374356528190901, -0.13630702366544256, -0.1324522166921252, -0.11015190209380236, -0.0859534632161757, -0.13352734597065957, -0.16002695767548974, -0.14942019684397723, -0.15531086299515431, -0.1569881616704253, -0.16234362261319984, -0.13623853662896276, -0.17918122341908066, -0.13947740766244873, -0.16023476399384054, -0.1280529748501298, -0.13687936035398013, -0.15238605542723238, -0.20366970068696752, -0.15882863702808514, -0.2031698953743258, -0.16983235884281517]
model_valid_mape=[0.23770344256737172, 0.23469886520346114, 0.23608821086122941, 0.23121072336188203, 0.24083954090526763, 0.24125431681936813, 0.24189692257371065, 0.23733045389834506, 0.24765620535605348, 0.24066283905269692, 0.23761443165402368, 0.23783679031881955, 0.24075542603086816, 0.2399446898202211, 0.23768313601508118, 0.2368236643401218, 0.24697889916050408, 0.2338461169180298, 0.23864064079511646, 0.24412171742472008, 0.24149249022356134, 0.24698266658185605, 0.23810985546711094, 0.2402974458098127, 0.23858983309141377, 0.24071643990499494, 0.23859338342340267, 0.23781389468641365, 0.24015525561412943, 0.2409047481958799, 0.24326214484643494, 0.2401903957312706, 0.23960091576032266, 0.24187187583939637, 0.2372451049715702, 0.23884263212590917, 0.2330430511468899, 0.24397666614363572, 0.2429201991658652, 0.24111314535205394, 0.23715348806351697, 0.24091971539904988, 0.23295834519728026, 0.24694850565617085, 0.23486107999557007, 0.2395425257026418, 0.23894810260468236, 0.24043492535508623, 0.2401187851589929, 0.24131843264943348, 0.242479112192583, 0.24976350346111803, 0.23851627815212686, 0.23830257044856626, 0.2336513910296042, 0.2418553436258303, 0.2379698906062689, 0.23783525985385393, 0.24347674060872682, 0.23810971484470264, 0.24394726223159321, 0.245665703783668, 0.24513985893953033, 0.23850372394398323, 0.2416694045948935, 0.24272564668479787, 0.23498372731399708, 0.2399248380854143, 0.24340191658131716, 0.23851862051992662, 0.24816645422641678, 0.2477933041152882, 0.2430290992441185, 0.2457958439700274, 0.2464196000716731, 0.2429632682646898, 0.2353690042205083, 0.2391949321543472, 0.23645788080615496, 0.23993938783563926, 0.23951407269850875]
model_valid_r_square=[0.17462975605470843, 0.1804354515772253, 0.19892099238567218, 0.19045050164166777, 0.15413926683988288, 0.13481194936460594, 0.13051743021703377, 0.14778038461247944, 0.12010296985185565, 0.16191491735997166, 0.1671045568737466, 0.17686621842134342, 0.16252801845102005, 0.15639329585789163, 0.17879358448445093, 0.16618526115596577, 0.11928555468323743, 0.1909931843840269, 0.1403811282291446, 0.171155454385857, 0.18058807795345566, 0.14083681065648745, 0.19422848265159043, 0.14687394530483522, 0.1918418355879058, 0.15359097285416135, 0.17230731498081975, 0.18729565002310966, 0.153391154032801, 0.17255906597473536, 0.15133188986812807, 0.18393369634786028, 0.22837997511677377, 0.15649466441051108, 0.1897831234049423, 0.19574683341041854, 0.1907864315881862, 0.1565664597821923, 0.1671059680797976, 0.1664449147388305, 0.15849579958446613, 0.15086609247826055, 0.20836198070940914, 0.16521788056303577, 0.18551019051631767, 0.16894593534577806, 0.12741964338880285, 0.1866639321254432, 0.20554577236620453, 0.1593451558504605, 0.15639776119343884, 0.12280355552797828, 0.17828786145357256, 0.18795240875388242, 0.18849645623985523, 0.15176823903807002, 0.21663105074412947, 0.2095861838217029, 0.1654895292420543, 0.19192889146414238, 0.2008946373607844, 0.17309565437895869, 0.16154271769281625, 0.1807417979700272, 0.17609484693492616, 0.14811891116569487, 0.19743951985557362, 0.1510856313869059, 0.1516332139602502, 0.21077607837241463, 0.12068639715098273, 0.1335483312021205, 0.15886185270472353, 0.1424129599995695, 0.15252740901302986, 0.17194500231411702, 0.19181574157302028, 0.19947289391946588, 0.14407193877784985, 0.17327113494044244, 0.1683334719942785]
time_hybrid_core_tag_model_increase_samples=950.0 [34.6%]
