[1, 0, 1, 1, 0, 0, 0, 0, 0, 0, 1, 0, 1, 1, 1, 0, 0, 0, 1, 0, 1, 1, 1, 1, 0, 0, 1, 1, 1, 0, 0, 0, 0, 1, 1, 0, 0, 0, 1, 1, 1] 
schedule_mode = EER 
origin_core_space_size #= 31 
selected_core_space_size #= 15 
result_map #= {'pareto_filter': 1, 'hmp_configs_num_all_possible': 24077880, 'hmp_configs_num_pareto_filter': 0, 'hmp_configs_num_constrain_status_novector': 3240} 
aimFunc #= 203 
schedule_result_database #= 100 
hmp_size_list #= [1, 2, 3, 4, 5, 6, 7, 8, 9, 10, 11, 12, 13, 14, 15, 16, 17, 18, 19, 20, 21, 22, 23, 24, 25, 26, 27, 28, 29, 30, 31, 32, 33, 34, 35, 36, 37, 38, 39, 40, 41, 42, 43, 44, 45, 46, 47, 48, 49, 50, 51, 52, 53, 54, 55, 56, 57, 58, 59, 60, 61, 62, 63, 64, 65, 66, 67, 68, 69, 70, 71, 72, 73, 74, 75, 76, 77, 78, 79, 80, 81, 82, 83, 84, 85, 86, 87, 88, 89, 90, 91, 92, 93, 94, 95, 96, 97, 98, 99, 100] 
all_hmp_configs #= ['00010001000006010101', '00010003000040000011', '11006000000000011122', '00050001000000210122', '00000040400000011012', '10000100000000611022', '00300000401000011102', '03500000000000000102', '21000005000000011020', '01000000000502000101', '00010001060000011000', '30030000000000210112', '00100000000020510011', '00220000000004011020', '00400002020000010100', '01000000520000001101', '30000000030000211010', '60100000001000011012', '03002003000000011101', '01600000000010011102', '00000001000006110101', '00000003000040100011', '01006000000000111122', '00050000000001210122', '00000030400000111012', '00000100000001611022', '00300000400000111102', '02500000000000100102', '20000005000000111020', '00000000100502000101', '00000001060001011000', '20030000000000310112', '00000000000021510011', '00120000000005011020', '00300002030000010100', '00000000520000101101', '20000000030000311010', '60100000001000011102', '03002003000000011110', '00600000000010111102', '00000000000016110101', '00000002000040200011', '00006000000001111122', '00040000000001310122', '00000020400000211012', '00000000000011611022', '00200000400000211102', '01500000000000200102', '10000005000000211020', '00000000100403000101', '00000000160001011000', '10030000000000410112', '00000000000011610011', '00020000000005111020', '00200002040000010100', '00000000420000201101', '10000000030000411010', '60100001000000011102', '03002003000000010120', '00600000000001111102', '00000000000015210101', '00000002000050100011', '00005000000001211122', '00030000000001410122', '00000010400000311012', '00000000000011610122', '00100000400000311102', '00500000000001200102', '00000005000001211020', '00000000000403100101', '00000000160000111000', '00030000000001410112', '00000000000011600012', '00010000000005211020', '00100002050000010100', '00000000420000211100', '00000000030001411010', '50200001000000011102', '00500000000001211102', '00000000000014310101', '00000001000050200011', '00004000000001311122', '00020000000001510122', '00000000400001311012', '00000000400001311102', '00400000000001300102', '00000004000001311020', '00000000000303200101', '00000000150000211000', '00020000000001510112', '00000000000011600102', '00000000000015211020', '00000002050000110100', '00000000430000111100', '00000000020001511010', '50200001000000010112', '00400000000001311102', '00000000000013410101', '00000000000051200011', '00003000000001411122'] 
hmp_metric_best_list #= [0.850912399032012, 0.6804816925221496, 0.572492789020805, 0.572492789020805, 0.572492789020805, 0.4419456088553982, 0.4419456088553982, 0.396365947003752, 0.396365947003752, 0.396365947003752, 0.396365947003752, 0.396365947003752, 0.396365947003752, 0.396365947003752, 0.396365947003752, 0.396365947003752, 0.396365947003752, 0.396365947003752, 0.396365947003752, 0.396365947003752, 0.396365947003752, 0.396365947003752, 0.396365947003752, 0.396365947003752, 0.396365947003752, 0.396365947003752, 0.396365947003752, 0.396365947003752, 0.396365947003752, 0.396365947003752, 0.396365947003752, 0.396365947003752, 0.396365947003752, 0.396365947003752, 0.396365947003752, 0.396365947003752, 0.396365947003752, 0.396365947003752, 0.396365947003752, 0.396365947003752, 0.396365947003752, 0.396365947003752, 0.396365947003752, 0.396365947003752, 0.396365947003752, 0.396365947003752, 0.396365947003752, 0.396365947003752, 0.396365947003752, 0.396365947003752, 0.396365947003752, 0.396365947003752, 0.396365947003752, 0.396365947003752, 0.396365947003752, 0.396365947003752, 0.396365947003752, 0.396365947003752, 0.396365947003752, 0.396365947003752, 0.396365947003752, 0.396365947003752, 0.396365947003752, 0.396365947003752, 0.396365947003752, 0.396365947003752, 0.396365947003752, 0.396365947003752, 0.396365947003752, 0.396365947003752, 0.396365947003752, 0.396365947003752, 0.396365947003752, 0.396365947003752, 0.396365947003752, 0.396365947003752, 0.396365947003752, 0.396365947003752, 0.396365947003752, 0.396365947003752, 0.396365947003752, 0.396365947003752, 0.396365947003752, 0.396365947003752, 0.396365947003752, 0.396365947003752, 0.396365947003752, 0.396365947003752, 0.396365947003752, 0.396365947003752, 0.396365947003752, 0.396365947003752, 0.396365947003752, 0.396365947003752, 0.396365947003752, 0.396365947003752, 0.396365947003752, 0.396365947003752, 0.396365947003752, 0.396365947003752] 
history_f #= [0.3971197362207181, 0.4372392821248814, 0.43798880291785974, 0.405263579320327, 0.405263579320327] 
history_aimFunc #= [60, 100, 140, 180, 203] 
history_schedule_result_database #= [40, 60, 79, 97, 100] 
core_space #= 15 
[[2 0 0 3 2 2 1 0 1 3 0]
 [3 0 0 0 0 1 1 1 1 3 4]
 [3 0 0 0 2 0 0 1 3 3 0]
 [3 0 0 1 0 0 1 1 3 0 1]
 [3 0 0 1 0 1 1 1 0 2 5]
 [3 0 0 1 0 2 0 1 1 3 6]
 [3 0 0 1 1 0 0 1 2 1 0]
 [3 0 0 1 1 0 1 0 0 3 4]
 [3 0 0 1 1 1 1 1 1 1 1]
 [3 0 0 2 0 0 0 0 2 2 6]
 [3 0 0 2 2 0 0 1 3 2 4]
 [3 0 0 3 2 1 0 0 1 3 3]
 [3 0 0 3 2 1 0 0 3 1 2]
 [3 0 0 3 2 2 1 0 0 0 2]
 [3 0 0 3 2 2 1 1 0 3 2]] 
time_used = 1173.0 
time_used_map[register] = 0 
time_used_map[single_core_model] = 0 
time_used_map[selection] = 0:01:45 
time_used_map[prepare] = 0:01:45 
time_used_map[flow_all] = 0:19:33 
hmp_configs # = 20 
hmp_configs = 
[0 0 0 0 0 0 0 0 0 0 0 0 1 3 4 1 0 1 0 1] 0.6145782835916124 1.0695042744816436 
[0 0 0 0 0 0 0 0 0 0 0 0 5 1 2 0 0 0 1 1] 0.70351117512516 0.9961038265335896 
[0 0 0 0 3 0 0 0 0 0 0 0 0 1 4 1 1 1 2 2] 0.46345249124401067 0.9653588670282933 
[0 0 0 2 0 0 0 0 0 0 0 0 0 1 5 1 0 1 2 2] 0.8449142127312028 0.9943173353444117 
[0 0 0 0 0 0 0 0 4 0 0 0 0 1 3 1 1 0 1 2] 0.6785503299477554 0.9746865038516724 
[0 0 0 0 0 0 0 0 0 0 0 0 1 1 6 1 1 0 2 2] 0.7053366017335223 0.9871615396139084 
[0 0 0 0 0 0 0 0 4 0 0 0 0 1 3 1 1 1 0 2] 0.678713511288398 0.9751889020766968 
[0 0 4 0 0 0 0 0 0 0 0 0 0 1 3 0 0 1 0 2] 0.4619629071190932 0.9604667704031169 
[0 0 0 0 0 0 0 4 0 0 0 0 0 1 3 1 1 0 2 0] 0.7768660899287385 0.8752622748848715 
[0 0 0 0 0 0 0 0 0 0 0 3 0 3 2 0 0 1 0 1] 0.612837526694496 1.0757264899585834 
[0 0 0 0 0 0 0 0 1 5 0 0 0 0 2 1 1 0 0 0] 0.8216173452768797 0.9293350773024843 
[0 0 0 2 0 0 0 0 0 0 0 0 0 1 5 1 0 1 1 2] 0.8447449682107758 1.0015469487465136 
[0 0 0 0 0 0 0 0 0 0 0 0 1 1 6 0 0 1 0 2] 0.4620276654351135 0.9603511347631476 
[0 0 0 0 0 0 0 0 0 0 0 0 1 5 2 1 1 0 2 0] 0.46568399982642505 0.9654451263661636 
[0 0 0 0 0 0 0 2 0 5 0 0 0 0 1 1 0 1 0 0] 0.8231166064573534 0.9384977732794815 
[0 0 0 0 0 0 0 0 4 3 0 0 0 0 1 1 1 1 0 0] 0.8229270024685821 0.9346655448422612 
[0 0 0 0 0 0 0 0 0 2 0 0 0 1 5 1 1 0 1 0] 0.4638886754479377 0.9538386580571574 
[5 0 2 0 0 0 0 1 0 0 0 0 0 0 0 1 0 1 1 2] 0.8706081418862938 0.8668978993254268 
[0 3 0 0 2 0 0 3 0 0 0 0 0 0 0 1 1 1 0 1] 0.5474941221696346 0.7402153975906264 
[0 0 4 0 0 0 0 0 0 0 0 0 0 1 3 1 1 1 0 2] 0.6145336490960431 1.059219446405032 
pareto_filter = 1 
hmp_configs_num_all_possible = 24077880 
hmp_configs_num_pareto_filter = 0 
hmp_configs_num_constrain_status_novector = 3240 
hmp_configs_num_pareto_filter = 0 
